5.406188001130590726e-01
5.850982803322146708e-01
1.810942235473036455e-01
7.355973253395885481e-01
7.714764319578701901e-01
8.001907875383377222e-01
7.806403692827366125e-01
5.299094257716069345e-01
5.709726388303798528e-01
7.909639919207912817e-02
1.993471589058641857e-01
2.838154926700914293e-01
7.622948834163527643e-01
9.672007862117946997e-02
1.961489811582171616e-01
7.397118641007588424e-01
5.744341641121333275e-01
7.152056457392155231e-01
7.413229961734872919e-01
7.893019587687126748e-01
7.611331569674940623e-01
7.591984105425764184e-01
6.472117049600421002e-01
5.799108086089916902e-01
2.683527803674029544e-01
1.214175311867975449e-01
1.315895872371846409e-01
3.572588156439703289e-01
1.764222609760162652e-01
3.464756373503563025e-01
2.494248916300050023e-01
8.097161624334556218e-02
3.694115453994458176e-01
3.347479607488663134e-01
4.074095354811979597e-01
3.901696204197026008e-01
2.612918999687339761e-01
2.680513423108955018e-01
3.222781814445843662e-01
5.191580824046051479e-01
5.029689033445630120e-01
4.410586667818127693e-01
3.841239255990039902e-01
3.228901127070701871e-01
6.369987392700943163e-02
4.911788297011436821e-01
5.266410559371843547e-01
5.846082166104149547e-01
5.210418373278767890e-01
5.337910509167859141e-01
5.713398709564766476e-01
5.580690056690147394e-01
5.412959914177538634e-01
5.723317547731373578e-01
5.691368352197883063e-01
3.340184604111899325e-01
3.056905460682934894e-01
3.872844810263716964e-01
3.776856381828342379e-01
4.411480486511382137e-01
4.214408162845104111e-01
2.231187340236373273e-01
3.340454431591386997e-01
4.619541626782166510e-01
5.008410770736078099e-01
3.230527383859584378e-01
2.285776790485740950e-01
3.403784509502689737e-01
4.790690619534910266e-01
4.120143394630590428e-01
3.534375243321471460e-01
4.454119521186517550e-01
2.904734025276214382e-01
3.297754133566146995e-01
3.838692936248453980e-01
2.257855197660793845e-01
3.773500554717786337e-01
9.649960918115352282e-02
2.163556079105040109e-01
2.264637856991942311e-01
2.048309618829353140e-01
3.012459507361018307e-01
3.001722748676438624e-01
3.541901751563364953e-01
2.769624595852829274e-01
3.369347050565841828e-01
3.563577102033829713e-01
4.597930829393147567e-01
3.615628179540579246e-01
2.462247949022330629e-01
3.809595057514156835e-01
3.062997592721726781e-01
3.978981690772830371e-01
3.006554890560855786e-01
5.053429397741809881e-01
3.794761628378797158e-01
3.007240235594763056e-01
3.001285947111624886e-01
3.580943487485817034e-01
5.133818680666920597e-01
5.453370370874642825e-01
3.875973582623299940e-01
5.239355314609583925e-01
5.287531722853118232e-01
3.260679486398597171e-01
3.517837447938859663e-01
5.297388390654529378e-01
4.486180667618644979e-01
4.411743114761857987e-01
4.418466952548046889e-01
3.174501016326470859e-01
3.463455416763164263e-01
4.415964513450974516e-01
4.255455399137211270e-01
5.244229700786415815e-01
3.207225285348611621e-01
5.249999446135062975e-01
2.728173214820759918e-01
1.196485894738576472e-01
1.637877056332164571e-01
5.504638815505000782e-01
5.646081439194110541e-01
4.462599151596119973e-01
6.160018222103403884e-01
3.793927970489283652e-01
1.493803906691866801e-01
1.993910723493491632e-01
4.014972752898118280e-01
4.832172556461204471e-01
1.693286358069301945e-01
3.011129953010832638e-01
5.158377927397667095e-01
-1.805382879340658997e-01
4.314946763962694831e-01
5.769520269893924080e-01
1.449528488438189266e-01
2.261929823764125824e-01
7.029187308324492678e-01
4.957169490013105806e-01
3.049159117209927494e-01
2.805168900487954864e-01
3.683271255463287375e-01
3.326105295471947776e-01
2.609958022573430347e-01
3.067828033335307514e-01
4.669829545409277527e-01
3.438371250442138205e-01
3.386564177890655780e-01
2.268378008079530717e-01
2.895716205726634462e-01
3.865620270106176481e-01
5.499572373282316518e-01
5.946445637854858024e-01
7.831426117682874777e-01
-2.392312810913199417e-01
7.383038009715826577e-01
5.332414095723050362e-01
7.911916737455738646e-01
7.122393565765782197e-01
6.979460470428239249e-01
4.519732043427200363e-01
6.070159104001878608e-02
7.585103854531569656e-01
5.060930796734668391e-01
5.325848841633888942e-01
4.388324033298077742e-01
3.382785705887259575e-01
5.117115920139977403e-01
3.213775033065278119e-01
3.369125081144341838e-01
3.628049684754953708e-01
1.734453191160722774e-01
6.208691370617906991e-01
5.874861866235305818e-01
5.312614335762069206e-01
3.997696183982195617e-01
4.161270806398033595e-01
2.373621191302936750e-01
4.351124585896489760e-01
2.389093468943290222e-01
5.485918394731801317e-01
5.785400589712643704e-01
2.579989690602411678e-01
7.125660074845230341e-01
7.188252083200574738e-01
7.295181536364107044e-01
7.344840352287159702e-01
4.262788151665951042e-01
5.650295046774763685e-01
2.154022422420462657e-01
2.032249903714437866e-01
1.567277048512782933e-01
5.530023465876098276e-01
8.293608780725962235e-03
1.498896756161858038e-02
2.807273339385488176e-01
1.766327078764490521e-01
7.170296551002359742e-01
-4.337427155516804245e-01
6.798930180259611378e-01
8.092275653724196882e-01
7.774141055124688116e-01
1.010347411590097055e-01
4.573533030419515977e-01
8.222258717292543762e-02
-4.951661555754165167e-02
-1.402778429885516865e-03
-2.187758560429699239e-01
2.222944139062875413e-02
3.581702974423865427e-01
3.742314453254181883e-01
-4.648522367687043522e-01
4.765413074994419018e-01
1.237227022606556398e-01
4.133395686558193755e-02
3.013679044754044023e-01
1.777036541135174896e-01
2.643060317594643216e-01
2.787606996035613474e-02
4.839129897679770864e-01
9.334032758240430605e-02
1.761395793777886243e-01
2.844062199469618579e-01
2.680324080386383701e-01
-9.373505641765862706e-02
1.838360858562345657e-01
3.780764217326916254e-01
3.750837976561001708e-01
4.762904049062156586e-01
3.979539544978968335e-01
5.892803276448269623e-01
4.466601853935432409e-01
5.550299470753015108e-01
3.468725668585649347e-01
3.795649864809126917e-01
2.540639749426622518e-01
4.009019200933588989e-01
1.582496098995809508e-01
4.222201452845300018e-01
3.595064983784572732e-01
4.180698983629020926e-01
1.578271018905493817e-01
1.414890375724707772e-01
3.039677007865546066e-01
3.636085690773644408e-01
1.863350177395752538e-01
9.565481504397257972e-02
-2.377670172725774578e-01
4.259133028383835784e-01
1.826188535668388790e-01
3.595529000627843419e-01
3.781973720272726602e-01
2.492160443661050329e-01
1.753930666428857865e-01
2.478506942266390234e-01
2.111345468537624281e-01
1.313502578487089623e-01
2.192797193662516797e-01
-9.770084147638184724e-02
1.794161979142698815e-01
-6.954419166861290635e-02
2.777655459099750979e-01
1.271063017404141238e-01
2.095054591765047602e-01
1.450157820189505731e-01
-1.789680354827306863e-02
4.287244091711153726e-01
4.488347208468825289e-01
1.649260812316895863e-01
3.675344626163161710e-01
2.073911090834047455e-01
3.693007117845268916e-01
2.013975321702569932e-01
7.957977664036988696e-02
4.656329565928138958e-01
6.106391039093198025e-02
2.054351079301279803e-01
1.070453490985871919e-01
1.468718942594167409e-01
3.262698163378424110e-01
3.595124382441191035e-01
1.907684258321702686e-01
4.686047352433213575e-01
2.711910733024404663e-01
2.515085589683974110e-01
3.276814436776856465e-01
5.104897523475196985e-01
3.509425407503870553e-01
4.025918369966747790e-01
1.413394911018630573e-01
1.544930423823238641e-01
7.477473037401348444e-02
1.310247618173455975e-01
4.496041548052888137e-01
8.627251435812718916e-02
-1.632913918620313987e-01
3.199785729774589638e-01
2.351130828126987149e-01
1.598834451646773958e-01
2.955839178052691585e-01
5.622075545484755965e-01
3.958090153551404033e-01
8.363363563158406067e-02
5.496429157645941199e-01
2.574516685894959189e-01
1.906338256857581515e-01
1.927671520229925217e-01
2.341878732437709110e-01
3.160081206791772179e-01
1.992669637965531759e-01
4.932593417935974417e-02
3.208823136031050960e-01
-2.123990704791412221e-01
1.243863662569345691e-01
5.129190032317050285e-01
-3.860668786359849197e-02
2.627311741891675823e-01
6.822560854710344458e-01
1.806998716670973892e-01
1.854190815051132424e-01
2.459733985165411807e-01
2.228699697888023024e-01
1.428858545900711929e-01
-4.129479355884285718e-03
2.294658434019358484e-01
-2.818655689245045878e-02
2.547647849862724745e-01
2.637211499554862337e-01
-8.665549802781900846e-02
3.502626243781458704e-01
2.690479443590242936e-01
1.540720212065483374e-01
6.946159040907398108e-01
7.423555746993610871e-01
5.110165731435874215e-02
7.479265210952841247e-01
7.747710282080351174e-01
6.421303274121361593e-01
4.451551610760625666e-01
7.555708407393998405e-01
4.422076796091446993e-01
-1.387060558133971777e-01
6.600566157780569654e-01
4.491770322562122497e-01
4.715679796659545953e-01
2.029152882391863921e-01
2.666761024878221420e-01
3.884842726885365805e-01
2.444033907975620423e-01
1.437230526418456222e-01
2.096851941338823133e-01
-4.534147766358772452e-02
4.455628635422974049e-01
5.189952182878933007e-01
3.950504526857832044e-01
3.887187654375032775e-01
5.395728391982640426e-02
3.170470003997017949e-01
3.544649032165667624e-01
9.217478249029802118e-02
